##FastQC	0.10.1
>>Basic Statistics	pass
#Measure	Value	
Filename	f030_mirna_cut.fastq	
File type	Conventional base calls	
Encoding	Sanger / Illumina 1.9	
Total Sequences	51055	
Filtered Sequences	0	
Sequence length	17-30	
%GC	49	
>>END_MODULE
>>Per base sequence quality	fail
#Base	Mean	Median	Lower Quartile	Upper Quartile	10th Percentile	90th Percentile
1	24.206855352071294	26.0	17.0	33.0	10.0	34.0
2	25.831887180491627	27.0	21.0	33.0	14.0	34.0
3	26.16868083439428	28.0	21.0	33.0	14.0	35.0
4	25.867750465184606	28.0	20.0	33.0	13.0	34.0
5	25.799216531191853	28.0	20.0	33.0	13.0	34.0
6	25.819018705317795	28.0	20.0	33.0	13.0	34.0
7	25.68862990892175	28.0	20.0	33.0	12.0	34.0
8	25.367074723337577	27.0	19.0	33.0	12.0	34.0
9	25.11487611399471	27.0	19.0	33.0	13.0	34.0
10	25.138556458720988	27.0	18.0	33.0	13.0	34.0
11	24.90670845166977	27.0	18.0	33.0	12.0	34.0
12	24.768328273430615	27.0	18.0	33.0	12.0	34.0
13	24.705846635980805	26.0	18.0	32.0	12.0	34.0
14	24.51942023308197	26.0	18.0	32.0	12.0	34.0
15	24.279502497306826	26.0	17.0	32.0	12.0	34.0
16	24.7486827930663	26.0	18.0	32.0	13.0	34.0
17	24.539966702575654	26.0	18.0	32.0	12.0	34.0
18	24.09462699196164	25.0	17.0	31.0	12.0	34.0
19	23.886514185726785	25.0	17.0	31.0	12.0	34.0
20	23.896525813295614	25.0	17.0	31.0	12.0	34.0
21	23.241836323321913	24.0	17.0	30.0	12.0	34.0
22	23.124980520492443	24.0	17.0	30.0	12.0	34.0
23	22.254819539063632	22.0	16.0	29.0	11.0	33.0
24	21.52174599415897	21.0	15.0	29.0	11.0	33.0
25	20.85759960649287	20.0	14.0	28.0	11.0	33.0
26	20.650415512465376	20.0	14.0	27.0	11.0	33.0
27	19.563004172461753	18.0	13.0	26.0	11.0	32.0
28	18.81091077207582	17.0	13.0	24.0	11.0	31.0
29	17.322727272727274	16.0	12.0	21.0	10.0	28.0
30	14.992628992628992	13.0	11.0	17.0	10.0	22.0
>>END_MODULE
>>Per sequence quality scores	pass
#Quality	Count
9	14.0
10	182.0
11	684.0
12	1178.0
13	1554.0
14	1659.0
15	1563.0
16	1511.0
17	1510.0
18	1563.0
19	1622.0
20	1726.0
21	1811.0
22	2023.0
23	2114.0
24	2322.0
25	2593.0
26	2888.0
27	3007.0
28	3306.0
29	3673.0
30	3730.0
31	3925.0
32	3281.0
33	1507.0
34	109.0
>>END_MODULE
>>Per base sequence content	fail
#Base	G	A	T	C
1	14.335520517089414	24.847713250416216	42.01939085300167	18.797375379492703
2	17.20889237097248	14.872196650670846	36.505729115659584	31.413181862697094
3	24.618548624032904	21.398491822544315	24.434433454118107	29.548526099304674
4	21.537557535990597	29.262559984330622	19.68073646067966	29.51914601899912
5	22.254431495446088	31.015571442561946	19.345803545196357	27.384193516795612
6	20.43678386054255	32.38076584075997	18.673979042209382	28.5084712564881
7	21.606111056703554	27.619234159240037	23.082949760062675	27.691705023993734
8	24.25815297228479	20.660072470864755	28.469297816080697	26.612476740769758
9	24.73802761727549	19.858975614533346	27.311722652041915	28.09127411614925
10	24.089707178532954	25.99157771031241	18.32533542258349	31.59337968857115
11	27.76025854470669	22.007638820879443	18.86788757222603	31.36421506218784
12	26.165899520125357	21.300558221525804	19.851140926451865	32.682401331896976
13	28.246009205758494	22.18587797473313	22.47184408970718	27.096268729801192
14	31.019488786602682	23.603956517481148	22.957594750758986	22.418959945157184
15	34.68220546469494	24.203310155714426	18.22936049358535	22.88512388600529
16	23.9486827930663	31.21927333268044	24.75761433747919	20.074429536774065
17	23.74693957496817	24.85750661051807	30.426011164430516	20.969542650083245
18	24.72349255595624	30.0199447992425	25.752966537059045	19.503596107742208
19	33.237511977669456	22.30971128608924	24.265716785401825	20.18705995083948
20	29.389144271570018	20.091495756718526	25.605551626591232	24.913808345120223
21	25.297319088893367	25.005039306591414	25.43086071356581	24.266780890949406
22	18.859280037400655	39.089917406887956	28.508648901355777	13.542153654355618
23	17.176402377156112	38.483838237425715	27.781804126201866	16.55795525921631
24	20.143657747257084	33.57013181782303	30.11287394427342	16.17333649064646
25	19.613871126414168	33.718642400393506	29.205607476635514	17.461878996556813
26	20.683287165281623	32.87165281625116	32.9455216989843	13.499538319482918
27	24.283727399165507	32.82336578581363	30.737134909596662	12.155771905424201
28	16.36615811373093	25.52011095700416	41.516412390198795	16.597318539066112
29	15.818181818181817	25.363636363636367	37.09090909090909	21.727272727272727
30	21.375921375921376	18.91891891891892	42.75184275184275	16.953316953316953
>>END_MODULE
>>Per base GC content	fail
#Base	%GC
1	33.13289589658211
2	48.62207423366957
3	54.167074723337585
4	51.05670355498971
5	49.6386250122417
6	48.94525511703065
7	49.29781608069729
8	50.87062971305455
9	52.829301733424735
10	55.6830868671041
11	59.124473606894526
12	58.84830085202233
13	55.34227793555969
14	53.43844873175987
15	57.56732935070023
16	44.023112329840366
17	44.716482225051415
18	44.22708866369845
19	53.42457192850893
20	54.302952616690234
21	49.56409997984277
22	32.40143369175627
23	33.73435763637242
24	36.31699423790354
25	37.07575012297098
26	34.18282548476454
27	36.43949930458971
28	32.96347665279704
29	37.54545454545454
30	38.32923832923833
>>END_MODULE
>>Per sequence GC content	fail
#GC Content	Count
0	0.0
1	0.0
2	0.0
3	0.0
4	0.0
5	0.0
6	0.0
7	0.5
8	1.0
9	1.0
10	1.5
11	2.5
12	2.5
13	3.0
14	5.5
15	9.0
16	14.5
17	23.0
18	34.5
19	45.5
20	62.0
21	84.5
22	102.5
23	135.5
24	187.5
25	264.0
26	382.5
27	466.0
28	579.5
29	732.0
30	887.5
31	1199.0
32	1511.5
33	2001.0
34	3325.5
35	4493.0
36	5076.5
37	5988.0
38	7287.5
39	8179.0
40	8535.5
41	8739.5
42	8683.0
43	8600.0
44	8477.0
45	8481.0
46	8632.5
47	8672.0
48	8689.5
49	8721.0
50	8481.0
51	8241.0
52	7633.5
53	6764.5
54	6104.0
55	5196.5
56	4553.5
57	4049.0
58	3532.5
59	3304.5
60	3159.0
61	3094.5
62	3054.0
63	2909.0
64	2743.0
65	2621.5
66	2357.5
67	2156.5
68	2104.0
69	2007.5
70	1901.0
71	1805.5
72	1700.5
73	1532.5
74	1397.0
75	1277.5
76	1171.5
77	1122.0
78	1079.5
79	988.5
80	833.0
81	704.0
82	603.5
83	468.5
84	374.0
85	340.5
86	321.5
87	302.0
88	248.0
89	188.0
90	154.0
91	140.0
92	127.0
93	91.0
94	61.5
95	57.5
96	57.0
97	40.5
98	18.0
99	12.0
100	12.0
>>END_MODULE
>>Per base N content	pass
#Base	N-Count
1	0.0
2	0.0
3	0.0
4	0.0
5	0.0
6	0.0
7	0.0
8	0.0
9	0.0
10	0.0
11	0.0
12	0.0
13	0.0
14	0.0
15	0.0
16	0.0
17	0.0
18	0.0
19	0.0
20	0.0
21	0.0
22	0.0
23	0.0
24	0.0
25	0.0
26	0.0
27	0.0
28	0.0
29	0.0
30	0.0
>>END_MODULE
>>Sequence Length Distribution	warn
#Length	Count
17	1418.0
18	1631.0
19	2758.0
20	5560.0
21	7603.0
22	11388.0
23	8028.0
24	4537.0
25	2717.0
26	1820.0
27	1432.0
28	1063.0
29	693.0
30	407.0
>>END_MODULE
>>Sequence Duplication Levels	fail
#Total Duplicate Percentage	57.48814980217025
#Duplication Level	Relative count
1	100.0
2	9.085882786583118
3	3.137670475488389
4	1.5204570586067085
5	0.9307040176925913
6	0.6312200516033911
7	0.4883892370070033
8	0.3455584224106156
9	0.2580169553999263
10++	2.234611131588647
>>END_MODULE
>>Overrepresented sequences	fail
#Sequence	Count	Percentage	Possible Source
TCAACATCAGTCTGATAAGCTA	961	1.8822838115757516	No Hit
GTCAACATCAGTCTGATAAGCTA	852	1.668788561355401	No Hit
GCTTACCGTAACTTGAAAGT	827	1.6198217608461463	No Hit
TCACAAGTTAGGGTCTCAGGGA	819	1.6041523846831849	No Hit
ATCACATTGCCAGGGATTTCCA	323	0.632651062579571	No Hit
TTCAAGTAATCCAGGATAGGCT	312	0.611105670355499	No Hit
TGGAAATCCCTGGCAATGTGAT	303	0.5934776221721673	No Hit
TTGGAAATCCCTGGCAATGTGAT	238	0.466163940848105	No Hit
AGCCTATCCTGGATTACTTGAA	209	0.4093624522573695	No Hit
GCTTACCGTAACTTGAAAG	169	0.33101557144256194	No Hit
ATCACATTGCCAGGGATTTCCAA	166	0.32513955538145134	No Hit
ATCACATTGCCAGGGATTTCC	165	0.3231808833610812	No Hit
CTACCTGCACTGTAAGCACTTTG	146	0.2859661149740476	No Hit
GCGGAACTTAGCCACTGTGAA	132	0.2585447066888649	No Hit
CTGTTCCTGCTGAACTGAGCCA	127	0.248751346587014	No Hit
TCCCTGAGACCCTAACTTGTG	125	0.24483400254627363	No Hit
TTCAAGTAATCCAGGATAGGC	124	0.24287533052590343	No Hit
GTGGTAATCCCTGGCAATGTGAT	121	0.23699931446479286	No Hit
GGAAATCCCTGGCAATGTGAT	120	0.2350406424444227	No Hit
GCTTACCGTAACTTGAA	116	0.22720595436294191	No Hit
TTCACAGTGGCTAAGTTCCG	114	0.22328861032220154	No Hit
AGTCAACATCAGTCTGATAAGCTA	114	0.22328861032220154	No Hit
TGGTAATCCCTGGCAATGTGAT	105	0.20566056213886982	No Hit
TTCACAGTGGCTAAGTTCCGC	104	0.20370189011849968	No Hit
TAGCTTATCAGACTGATGTTGTA	104	0.20370189011849968	No Hit
TTGCTCAATCTCGGGTGGCTGA	104	0.20370189011849968	No Hit
ATCACATTGCCAGGGATTACCAC	102	0.1997845460777593	No Hit
TAGCTTATCAGACTGATGTTG	98	0.19194985799627853	No Hit
ATCACATTGCCAGGGATTACCA	97	0.18999118597590833	No Hit
TGGCTCAGTTCAGCAGGAACAG	92	0.1801978258740574	No Hit
CGGAACTTAGCCACTGTGAA	92	0.1801978258740574	No Hit
AGTGGTAATCCCTGGCAATGTGAT	91	0.1782391538536872	No Hit
CTCGGAATAACTAATCG	91	0.1782391538536872	No Hit
ATGGAAATCCCTGGCAATGTGAT	90	0.17628048183331702	No Hit
CTGGGAAATCACCATAAACG	88	0.17236313779257664	No Hit
ATTGGAAATCCCTGGCAATGTGAT	88	0.17236313779257664	No Hit
ATCACATTGCCAGGGATTACCACT	87	0.17040446577220644	No Hit
TTCACAGTGGCTAAGTTCTG	86	0.16844579375183624	No Hit
TAGCTTATCAGACTGATGTTGTAC	85	0.16648712173146607	No Hit
CAACATCAGTCTGATAAGCTA	83	0.16256977769072567	No Hit
CAGAACTTAGCCACTGTGAA	81	0.15865243364998532	No Hit
ATCACAAGTTAGGGTCTCAGGGA	80	0.15669376162961512	No Hit
TCAGCCACCCGAGATTGAGCAA	79	0.15473508960924492	No Hit
AGTCAGCGGAGGAGAAGAAACT	79	0.15473508960924492	No Hit
CCTATCCTGGATTACTTGAA	75	0.14690040152776418	No Hit
AGTCAGCGGAGGAGAAGAAAC	74	0.14494172950739398	No Hit
CTTCCAGTCGAGGATGTTTACA	74	0.14494172950739398	No Hit
TCAACATCAGTCTGATAAGCTTA	73	0.1429830574870238	No Hit
CTGGGAAATCACCATAAACGTGAAATGT	72	0.1410243854666536	No Hit
ACAGGCCGGGACAAGTGCAATA	70	0.13710704142591323	No Hit
CACAAGTTAGGGTCTCAGGGA	69	0.13514836940554303	No Hit
GTCAACATCAGTCTGATAAGCTTA	68	0.13318969738517286	No Hit
CTACCTGCACTATAAGCACTTTA	67	0.13123102536480266	No Hit
TATTGCACTTGTCCCGGCCTGT	66	0.12927235334443246	No Hit
TGGTGGAGGATGCGGGCAACGA	66	0.12927235334443246	No Hit
GCCTATCCTGGATTACTTGAA	64	0.1253550093036921	No Hit
CTGGGAAATCACCATAAACGTGAATGTC	64	0.1253550093036921	No Hit
CTACCTGCACGAACAGCACTTTG	63	0.1233963372833219	No Hit
CTGGGAAATCACCATAAACGTGAAATGTC	63	0.1233963372833219	No Hit
ACTAGACTGTGAGCTCCTCGA	63	0.1233963372833219	No Hit
GCAGAACTTAGCCACTGTGAA	62	0.12143766526295172	No Hit
TCAACACCAGTCTGATAAGCTA	62	0.12143766526295172	No Hit
CTCCCCGGGTCGGGAGTGG	62	0.12143766526295172	No Hit
TAGCTTATCAGACTGATGTTGT	61	0.11947899324258153	No Hit
ATCACATTGCCAGGGATTTCCAAT	61	0.11947899324258153	No Hit
GCATTATGCACCACGCTTCCTCAGAAAT	60	0.11752032122221134	No Hit
CTCCCCGGGTCGGGAGTGGGTAA	60	0.11752032122221134	No Hit
CCCACTCCCGACCCGGGGAGG	59	0.11556164920184116	No Hit
GCTTACCGTAACTTGAAAGTATTTCG	59	0.11556164920184116	No Hit
ACTGTTCCTGCTGAACTGAGCCA	58	0.11360297718147096	No Hit
ATCAACATCAGTCTGATAAGCTA	57	0.11164430516110077	No Hit
TGGGGTCTGATGAGCGTCGGCA	54	0.1057682890999902	No Hit
TCGTTGCCCGCATCCTCCACCA	52	0.10185094505924984	No Hit
AGCTATCCTGGATTACTTGAA	52	0.10185094505924984	No Hit
TGGCTCAGTTCAGCAGGAACA	52	0.10185094505924984	No Hit
>>END_MODULE
>>Kmer Content	fail
#Sequence	Count	Obs/Exp Overall	Obs/Exp Max	Max Obs/Exp Position
TCTGA	4445	4.9187236	30.558338	11
CTGAT	4330	4.7914677	36.8112	13
ATCAG	4350	4.716353	36.265156	7
GTCTG	3900	4.493129	31.395102	10
TCAGT	4040	4.4705615	29.75152	7
CAGTC	4050	4.3955884	30.268425	8
AGGGA	3775	4.3424287	29.722374	18
TCACA	4105	4.2792883	46.174385	2
ACATC	4060	4.2323775	28.597713	4
TAAGC	3880	4.20677	33.428455	17
ACTTG	3800	4.204983	30.961746	11
CAGGG	3630	4.1799135	29.489908	11
TCAAC	3910	4.0760093	29.16777	1
AGTCT	3680	4.072194	30.154924	9
AACAT	3840	3.9989378	27.998959	3
CCTGG	3515	3.9718318	14.314849	10
TTTTT	3470	3.9169893	23.659994	25
GAAAT	3580	3.8775299	52.924347	24
AAGCT	3535	3.8327143	41.46798	18
CATCA	3635	3.789333	27.647623	5
TGATA	3395	3.7529736	30.124048	13
ATAAG	3465	3.7529724	30.5509	15
CAACA	3665	3.7434218	28.392334	2
AACTT	3515	3.7359607	31.288586	10
CCAGG	3360	3.7199857	30.674818	10
TCCCT	3485	3.7116728	14.463041	1
TAACT	3455	3.6721892	35.841415	9
GATAA	3375	3.6554925	30.044521	14
GGAAA	3275	3.6184573	28.69878	4
GGATT	3100	3.567804	31.384012	14
CCCTG	3225	3.5037787	14.456601	2
GCTTA	3110	3.4414468	34.69329	1
AATCC	3255	3.3931992	13.111244	6
CTTGA	3060	3.386118	30.961748	12
TGTGA	2890	3.3261142	23.35332	18
AGCTA	3055	3.3122892	51.806316	19
TTACC	3110	3.3088903	32.87215	3
TTGAA	2895	3.2002528	31.33304	13
CAAGT	2880	3.1225514	19.17014	4
AAATC	2995	3.1189632	23.633018	6
ATCAC	2960	3.0856743	32.96813	1
TGGCA	2720	3.0703619	13.374282	12
CCGGG	2615	3.0142365	7.6689324	5
CTCAG	2685	2.914112	19.279129	15
AAGTT	2590	2.8630931	19.34387	5
CTGGC	2520	2.8475158	13.490974	11
AATGT	2565	2.8354573	95.7549	24
ATTGC	2535	2.8051662	31.264303	6
GGGTC	2375	2.7911801	20.779373	11
GCAAT	2530	2.7430742	13.049628	14
ATGTG	2370	2.727644	19.713606	17
AAAAA	2665	2.7164521	5.759742	1
CCCGG	2435	2.6986458	7.4745502	4
GGCAA	2435	2.6931221	12.902489	13
GCCAG	2395	2.651597	30.473011	9
TGAAA	2400	2.5994613	34.972878	21
GGGAT	2155	2.5300355	30.70914	13
TCAGA	2325	2.5208097	26.256546	21
TGCCA	2305	2.5016866	29.971676	8
CACCA	2445	2.4998767	14.536864	10
ATCCC	2380	2.483592	12.3638315	7
TTGCC	2240	2.4812677	30.690617	7
CACAT	2370	2.4706244	31.162956	3
TACCG	2240	2.4311402	33.82942	4
CCTGC	2220	2.411903	8.61455	4
CTGAG	2135	2.4100084	14.094436	4
TAATC	2260	2.4020693	11.817983	7
CTGGG	2040	2.397477	23.671347	1
AGGAT	2115	2.3849876	14.182776	13
TCAGG	2100	2.3705	21.212772	16
CAGGA	2135	2.3613205	12.196883	12
CAATG	2170	2.3527553	13.545063	15
GGGAA	2045	2.3523886	23.274221	3
AGTGG	1980	2.3245802	12.412057	6
CATTG	2090	2.3127408	31.264303	5
CTTAC	2160	2.2981362	33.453964	2
AAAGT	2105	2.2799442	27.511395	16
TCCTG	2050	2.270803	7.3697863	5
GGTCT	1970	2.269606	19.425062	12
GCAGG	1960	2.256923	8.710542	13
TCGGG	1920	2.2564487	8.140373	11
TGGAA	2000	2.2553074	15.92993	2
GTCAA	2075	2.2497544	22.134592	1
ACATT	2115	2.247954	30.901114	4
TCTCA	2110	2.2449384	18.108051	14
CGTAA	2070	2.2443335	32.51018	7
CCACT	2130	2.2227106	7.01178	20
GTAAC	2050	2.222649	32.51018	8
TGCAC	2045	2.2195008	9.298143	6
CCGTA	2035	2.2086475	32.840256	6
ACCGT	2035	2.2086475	33.137	5
GCACT	2025	2.1977942	9.861659	16
TGGGA	1845	2.166086	23.433107	2
CTGCT	1940	2.148955	6.0573583	7
ACAAG	2020	2.1458771	18.782858	3
TCCTC	2005	2.13541	9.017568	18
GTCTC	1925	2.1323392	18.676853	13
CGGGT	1810	2.1271732	6.7479405	6
ATTTC	1960	2.1261637	26.270063	21
GTGAT	1835	2.1119099	26.458752	19
GAAAG	1910	2.1103063	29.439388	15
TGGCT	1805	2.0795121	11.445037	8
AGCCA	1945	2.0683212	6.5904293	9
GGGAG	1720	2.059908	6.7673316	12
ATCCT	1915	2.037468	6.5938234	6
AGGGT	1735	2.0369427	19.474089	10
GTGAA	1790	2.0185	35.35961	20
GTAAT	1825	2.0174305	13.097412	6
ACCAT	1925	2.0067308	13.016234	11
TTCCT	1840	1.9980361	8.466194	17
GGTGG	1620	1.9801495	8.254836	23
CACTG	1795	1.948168	5.638236	13
CGGAA	1755	1.9410386	10.584072	3
GATTT	1695	1.9123573	26.581345	26
AGTTA	1705	1.8847775	18.940872	6
ACTGA	1730	1.8756989	10.77085	12
CTCTC	1750	1.8638242	6.481275	19
CTGGA	1650	1.8625357	8.230328	1
GTGGC	1580	1.8568693	12.639	7
GATTA	1660	1.8350327	10.897104	15
TAGGG	1560	1.8314873	19.260088	9
TTTCC	1685	1.8297237	23.731	17
TGGTG	1510	1.8093388	7.3168507	1
CACAA	1770	1.8078736	18.059385	2
AATCA	1735	1.8068119	20.026375	7
TGAGC	1600	1.8060951	8.275311	16
CTCGG	1585	1.790997	10.298453	1
CGGGA	1550	1.7848115	5.9819384	11
GATGT	1550	1.783902	13.254866	15
CTCCC	1700	1.7758126	7.616311	1
ATTAC	1665	1.7696661	10.645207	16
CGGGG	1475	1.7683014	5.3815403	17
AGCAG	1575	1.7419578	7.8624535	12
GTTAG	1505	1.7321115	19.510063	7
TTAGG	1505	1.7321115	19.510063	8
TCACC	1645	1.7166005	14.836601	9
GCCAC	1595	1.6978682	5.627011	11
GGGTG	1380	1.686794	5.861709	14
ACCTG	1545	1.6768355	8.111147	3
AGCTT	1505	1.6653947	12.606575	2
AGGAA	1490	1.6462599	6.146686	15
GGAGG	1370	1.6407404	6.7059917	20
ACTGT	1475	1.6321974	5.9309826	14
GACTG	1440	1.6254857	11.831096	11
TGCTG	1410	1.6244389	6.0900197	10
GTCGG	1380	1.6218226	6.4266095	9
TAAAC	1555	1.6193616	11.383754	15
TGAGA	1430	1.6125445	13.2578125	5
CCCCG	1510	1.6090341	6.6039476	3
CCCGA	1510	1.6073862	5.3359585	8
TCAAG	1480	1.6046444	13.0436	2
GAGAG	1390	1.598934	27.101503	26
GTGGT	1330	1.5936561	5.3227205	24
AGTTC	1440	1.5934672	12.902489	14
CATAA	1525	1.58812	13.762201	13
CCTGA	1455	1.5791558	13.848299	3
AAACG	1485	1.5775383	11.846295	16
CTTCC	1480	1.5762627	6.7081394	16
TTCCA	1480	1.5746485	19.569828	18
GAACT	1450	1.5721176	6.5217996	4
CACTT	1475	1.569329	9.803369	17
GGCTC	1385	1.5650039	6.899965	2
GGGGA	1300	1.5569072	5.9441915	18
ACCAC	1505	1.5387789	9.909186	19
CAGAC	1445	1.5366191	11.533252	9
GCTCA	1405	1.5248892	10.089475	3
GGAAC	1375	1.5207567	6.3951454	16
ACTAA	1460	1.5204296	7.9725857	10
GCTTC	1370	1.5175608	6.1624646	15
TCCAG	1395	1.5140359	11.573221	10
GTTCC	1345	1.4898683	8.54096	15
GGAAT	1310	1.4772263	7.8108044	4
CTTGT	1305	1.4738551	7.113436	16
TTCAA	1385	1.4720643	13.077273	1
AAGTA	1355	1.4676125	12.7341	4
TTCAC	1370	1.4576141	14.642167	1
GAGTG	1240	1.4557977	5.5197635	14
GGTAA	1285	1.4490349	5.447008	3
TCGGA	1275	1.4392321	9.876392	2
GAGCC	1290	1.4282088	5.8853626	17
AGACT	1295	1.4040637	11.956633	10
GGAAG	1215	1.3976294	5.709383	18
ACGTG	1225	1.3827916	14.995349	18
GCTGA	1225	1.3827915	5.6026573	18
ACTTT	1265	1.3722435	12.19343	18
AGCAC	1290	1.3717914	8.095562	15
AACGT	1265	1.3715371	12.167445	17
GTCAG	1210	1.3658594	6.5086637	21
CAGTG	1205	1.3602154	11.831096	5
AACTA	1305	1.359014	7.4031143	9
TCTCG	1220	1.3514047	6.6160383	20
GGAGT	1150	1.3501348	6.0990276	13
TCAGC	1240	1.3458098	5.53932	10
TGATG	1165	1.3408039	11.79606	14
GTGCA	1180	1.3319952	5.618817	15
AGCGG	1135	1.3069427	5.5621533	5
GACCC	1220	1.2986829	7.17929	8
AGTCA	1195	1.2956418	8.596917	1
CTTAG	1170	1.2946923	6.1520095	7
TTCGG	1115	1.284574	7.3500237	2
TTCAG	1160	1.2836264	7.0596814	9
GAGAC	1160	1.2829657	11.188876	6
ACAGT	1180	1.2793787	13.142415	4
CTGCA	1175	1.2752633	8.210064	5
AGGCT	1125	1.2699107	12.853156	18
CTATC	1190	1.2661029	6.593825	4
AGACC	1180	1.2548169	10.467153	7
CATCC	1200	1.2522314	5.421065	7
CAGCA	1170	1.244183	7.7534466	11
ATAAC	1185	1.2340473	6.6438212	7
CGTGA	1085	1.2247583	22.38892	19
TCCCC	1170	1.2221769	6.188253	2
CTGAA	1125	1.2197465	5.533648	10
CCACG	1145	1.2188458	5.044906	11
CACAG	1145	1.2175978	12.11476	3
GGTCG	1035	1.2163669	5.2483983	8
ATCCA	1165	1.214463	11.116055	9
TTAGC	1085	1.2006333	6.0511556	7
CTGTG	1040	1.1981677	6.1844482	15
TTGTG	1005	1.1805081	7.631754	17
ACTTA	1110	1.1797771	12.520586	26
CCATA	1130	1.177977	12.921226	12
TACCA	1125	1.1727647	11.10902	18
ATAGG	1040	1.1727597	14.437857	16
CAGGT	1035	1.1683179	5.467179	17
TTCTC	1075	1.167331	9.104105	25
TGGTA	1010	1.1624136	5.559319	2
CTAAT	1085	1.1532058	6.393335	11
TTGGA	1000	1.1509045	7.027818	1
GATAG	1015	1.1445683	13.097146	15
CAGAA	1075	1.141989	34.2543	22
CTAAG	1045	1.1330091	11.264927	11
TGGAT	975	1.122132	6.1886764	10
TAGCC	1030	1.1178904	6.0339017	8
ATGTT	990	1.1169521	11.299947	16
TAGCT	1005	1.1121074	12.707427	1
GGCTG	945	1.1105961	6.247346	17
GTTCA	1000	1.1065745	5.9503036	8
AGTAA	1020	1.104771	12.240531	5
CTTTG	970	1.0955092	12.72753	19
GCTAA	1010	1.0950612	11.857817	10
AACCA	1070	1.0928953	5.5183625	23
AATAA	1050	1.09234	6.731833	6
TTCCG	985	1.091093	7.2056217	16
TACTT	1000	1.0847775	12.778748	26
ATAAA	1040	1.0819367	11.347434	14
GAAGC	975	1.0783547	5.3672624	20
CCTCA	1020	1.0643965	10.819096	19
TACCT	995	1.0586321	8.533183	2
AAGCA	995	1.0570037	5.8935447	14
ATCTC	990	1.0533124	5.721112	8
AATCG	970	1.0516925	5.8300934	13
TGACT	940	1.04018	5.7516446	17
TTCGA	940	1.04018	43.344513	23
GGCTA	920	1.0385048	11.831096	9
TTTGA	915	1.0323344	13.715047	23
GGATA	915	1.031803	13.042234	14
AGTCG	905	1.0215726	13.297447	26
ACGCT	940	1.0202106	5.0447373	13
CATTA	950	1.0097193	5.2309093	2
TGCTA	910	1.0069828	5.3307595	18
TGCGG	855	1.0048249	5.462618	11
TGCTC	900	0.9969378	5.148754	3
CTAAC	955	0.995547	12.280216	26
TTACT	910	0.9871475	6.324169	14
AGAAA	925	0.98163545	37.268112	23
CTTCG	885	0.98032224	6.7640505	1
TTGAG	850	0.9782689	7.668691	24
CCTTG	880	0.97478354	5.3755307	20
TGCTT	860	0.97127604	5.860814	21
TTCTG	860	0.971276	5.4808435	16
CCTAA	925	0.96427304	7.3156934	11
TATCA	900	0.9565761	11.527374	6
TAAGT	865	0.9562068	10.679428	12
AGAAC	900	0.9560838	8.906462	25
CTTAT	880	0.9546042	11.666193	4
CTCAA	915	0.95384866	5.1304865	4
CCTAT	895	0.9522368	5.818079	3
GCATT	860	0.9516541	5.345188	1
AGCCT	875	0.9496641	6.132818	1
TCGTT	840	0.9486883	5.0168943	24
TTTCG	840	0.94868827	32.370796	22
TAGGC	840	0.9481999	14.00131	17
CGCTT	855	0.947091	5.4162674	14
TTTCT	845	0.935537	13.042231	26
TCAAT	875	0.93000466	5.6183853	5
GAAAC	860	0.91359115	13.359692	25
CTACC	865	0.9026501	7.0378747	1
TTCTT	815	0.9023226	13.04223	26
TTGCT	770	0.869631	5.0436716	1
TATCC	815	0.8671208	5.9150476	5
ATTAT	800	0.86693335	9.085471	25
TTATC	795	0.8623981	11.270727	5
ATTGA	775	0.8567171	39.06651	26
TGTAA	770	0.8511899	5.843461	1
TGTTG	710	0.8339909	11.100733	17
GTTCT	735	0.83010226	6.613777	15
CTGGT	715	0.8237403	5.314292	21
TTATG	730	0.823611	13.290671	26
ACCCT	785	0.819168	6.2770224	9
CCCTA	780	0.81395036	5.991703	10
TCCAA	775	0.8079046	14.097414	19
CAGTT	730	0.8077994	5.9503036	6
CTTGG	695	0.8006986	7.971438	21
TTTGG	675	0.79287857	13.837273	26
TTTTC	710	0.7860725	18.564615	25
GAATA	725	0.78525394	5.9228377	5
GATTG	680	0.7826151	14.473792	25
CTCGT	695	0.7698576	8.9295025	22
CTTTT	695	0.7694653	26.084461	26
TATGC	695	0.76906925	5.143482	5
GAACA	720	0.764867	5.7725806	17
TGAAT	685	0.75722736	15.297418	21
GTTTA	670	0.7559171	13.290672	26
AGGTA	670	0.7555279	5.5969205	18
TAATG	680	0.75170016	20.903513	23
TCGAT	665	0.73587203	54.070957	24
GAATG	640	0.7216983	20.200628	22
CCTTT	655	0.71125746	12.791844	26
GCCTA	635	0.68918484	5.934986	2
TGTGT	585	0.6871615	5.418313	21
TAGTC	620	0.68607616	13.035518	26
TTAGA	620	0.68537366	65.11085	26
GTATT	605	0.68258184	13.223076	19
TCGTA	615	0.6805433	11.9571085	23
GACTA	625	0.6776369	5.3761272	19
ATGTC	610	0.67501044	125.24666	25
TTTTA	610	0.6746665	29.47822	24
TTCGT	590	0.66634053	14.203234	25
TTTAG	590	0.66565824	66.453354	26
TTACA	620	0.65897465	5.8959684	18
AATGC	605	0.6559525	24.081179	24
GTAAA	605	0.6552809	5.6266956	2
CGTCC	600	0.65186566	12.798366	26
CTTTA	595	0.6454426	6.1123824	19
AAGCG	580	0.64148283	7.0148907	21
TGTCT	565	0.63810587	53.217182	26
TTGGT	540	0.6343029	9.46901	22
ATTCG	570	0.63074744	8.932641	21
AAACA	615	0.6275162	5.393668	4
TTGAT	545	0.6148878	28.37738	25
AGAGT	540	0.6089329	5.009177	24
TGATT	535	0.6036054	7.5176353	24
CGATT	545	0.6030831	52.142075	26
GTTGT	510	0.5990639	7.7163153	18
AAATG	550	0.59570986	61.443634	23
GCTTT	520	0.5872832	7.0811114	22
TATTT	530	0.58618563	16.10187	20
ATGCC	540	0.5860784	13.64913	25
TAGAG	515	0.5807416	53.135323	26
AGTTT	510	0.5753995	7.5176353	24
ACTTC	535	0.5692143	12.533421	26
AATTC	535	0.5686314	6.7412577	21
ATAAT	535	0.56804913	13.31433	22
ATTTT	510	0.5640654	16.432644	23
GCTCT	500	0.55385435	13.048879	26
GAATT	495	0.5471935	13.022169	26
GATCA	500	0.54210955	12.77217	26
AGATG	480	0.5412737	7.513766	24
GTGTA	470	0.54092515	7.2159996	22
GCAAC	500	0.5317021	6.4713063	19
AGACA	500	0.5311577	10.466592	22
TTGTA	470	0.53027016	9.663017	19
TGCGT	460	0.5299587	13.571626	26
AGTAT	465	0.5140303	8.391383	18
AAATA	490	0.50975865	39.249374	25
TTCAT	455	0.49357376	12.778748	26
TCGTC	440	0.48739186	13.048879	26
AGTTG	415	0.4776254	6.2180586	23
TATCT	440	0.47730207	12.778748	26
TAATT	430	0.4659767	6.8769693	20
TCTTT	420	0.46500063	7.477041	23
ATTCT	420	0.45560652	12.778748	26
TGTAC	400	0.44262978	13.035518	26
AACAA	420	0.42854765	15.29658	21
GTTGC	370	0.4262712	5.1177015	24
TCATA	400	0.425145	6.6639895	22
GCATA	385	0.41742432	6.0710073	20
TAGAT	375	0.41454053	26.044338	26
AATAC	395	0.41134912	8.731025	25
TAGAA	355	0.38450366	18.16159	25
CGTTA	335	0.37070245	13.916296	25
ATAGA	335	0.3628415	16.839565	24
TATTC	310	0.336281	5.6691914	20
CATAG	310	0.3361079	8.78666	23
TTATT	295	0.3262731	13.028875	26
TAGTT	285	0.3215468	13.290672	26
ACAAC	310	0.31663322	8.233727	22
ATACA	270	0.28117535	12.267642	26
CGTAT	245	0.27111074	17.204393	24
TGCGA	230	0.25962618	13.297447	26
ATATT	215	0.23298834	5.8547883	23
GTACC	170	0.18450616	12.785261	26
>>END_MODULE
